1667726 1667737 1667748 13BL+0+0
1667727 1667738 1667749 13BL+0+1
1657653 1657921 1657937 13BL+0-1
1667729 1667740 1667751 13BL+1+0
1667730 1667741 1667752 13BL+1+1
1667728 1667739 1667750 13BL+1-1
1667732 1667743 1667754 13BL+2+0
1667733 1667744 1667755 13BL+2+1
1667731 1667742 1667753 13BL+2-1
1667735 1667746 1667757 13BL+3+0
1667736 1667747 1667758 13BL+3+1
1667734 1667745 1667756 13BL+3-1
1656881 1656892 1656902 13BL-1+0
1656883 1656893 1656904 13BL-1+1
1656879 1656891 1656901 13BL-1-1
1656885 1656895 1656906 13BL-2+0
1656886 1656896 1656907 13BL-2+1
1656884 1656894 1656905 13BL-2-1
1656888 1656898 1656910 13BL-3+0
1656889 1656899 1656932 13BL-3+1
1656887 1656897 1656908 13BL-3-1
