1681943 1681955 1681971 13BH+0+0
1681944 1681956 1681972 13BH+0+1
1682225 1682235 1682248 13BH+0-1
1682226 1682236 1682249 13BH+1+0
1682227 1682237 1682250 13BH+1+1
1681945 1681957 1681973 13BH+1-1
1682229 1682239 1682253 13BH+2+0
1681950 1682230 1682240 13BH+2+1
1682228 1682238 1682251 13BH+2-1
1681940 1681953 1681965 13BH+3+0
1681941 1681954 1681966 13BH+3+1
1682231 1682241 1682245 13BH+3-1
1667870 1667880 1667898 13BH-1+0
1667871 1667881 1667899 13BH-1+1
1667869 1667879 1667897 13BH-1-1
1667873 1667883 1667901 13BH-2+0
1667874 1667884 1667902 13BH-2+1
1667872 1667882 1667900 13BH-2-1
